4736
2921
733
1667
2316
2360
2793
7898
7114
2854
3778
2075
1570
1480
2155
9817
4909
8163
6917
8502
3231
835
2860
950
9279
378
1506
4954
9380
6000
9689
6815
9149
3664
1755
5363
4394
1683
8193
3572
846
5174
3762
294
1689
8715
9353
4774
8482
4962
3753
677
5489
6677
2723
7497
5665
2356
3345
9135
6577
9879
404
5969
6231
2933
1967
5041
1364
7182
106
1686
7629
613
9445
6736
3762
5219
4675
6739
4409
696
1221
5010
821
845
1212
4543
1031
3677
7765
224
4361
9361
601
3668
6917
4122
191
3125
3407
7417
5895
8616
6613
6750
3432
3374
7713
3993
6713
8855
682
2022
2681
6907
5646
5389
8506
4797
4692
4215
238
6703
8136
1497
9752
953
2933
1709
3938
3273
8087
2688
9114
6152
3386
722
5075
1039
6659
9686
6695
8574
4873
689
436
9975
5496
9170
523
7097
3931
3222
7910
3525
2697
1959
891
1066
3716
4996
2445
3046
7475
8245
154
8831
6866
1939
5659
2221
313
3744
1791
7255
8210
783
5155
8978
5672
4174
9747
94
9946
1522
5702
4019
6239
5833
4138
4434
5598
2638
3699
4732
4459
7508
2945
4979
4259
9137
4467
9366
7836
3130
5598
4843
2130
7800
3774
3271
7544
1100
9069
6899
9728
5517
399
4430
5380
6138
9273
878
9095
9860
9169
358
3502
7002
322
7491
1203
288
656
4341
8459
1823
1892
281
3233
5784
1251
7466
8227
2127
34
4807
5926
8400
6319
843
8309
2747
2667
4180
8526
4284
2548
8710
1882
4473
1612
9562
5214
7698
200
7009
7662
795
6696
5602
6991
1728
1684
6329
4866
867
7352
661
3429
1949
137
5029
3281
3661
4687
7577
7135
762
969
2438
4780
9148
1521
3449
3180
8874
6851
6020
1714
3758
5039
2789
8219
8538
9881
871
649
2032
7899
202
5511
1914
1539
8116
1743
735
6808
7900
6310
9208
5672
6805
2863
7138
8643
3943
1603
9356
2216
271
1826
6251
65
6737
2850
2181
6873
307
2901
1915
321
5780
2464
628
8427
9297
8753
6848
2485
896
3151
3973
5203
4505
6907
2135
5394
5876
3819
7508
5907
3435
908
8002
6848
6988
7472
4419
8245
2939
5632
7412
6405
944
1015
8837
7723
1851
2075
7955
6925
2461
8056
2724
6742
3169
5023
5126
6496
3036
2715
2327
9010
6836
695
9292
5755
6484
2503
7989
4487
5414
7212
8555
8481
8477
2751
6354
1634
3192
3333
2482
2858
4567
7383
285
8085
5572
4484
3816
1276
3347
6408
6857
4606
2199
1281
1406
571
2054
9061
6438
4984
3156
4634
2071
7714
8856
3700
2544
5499
6251
356
5152
9285
1154
3327
5673
9047
4218
7209
8574
7719
5704
2721
863
7398
1376
4275
9221
9939
7012
8839
4224
9347
5179
4876
1872
2666
3411
8177
7256
3920
2109
1101
1674
9053
4781
5430
8324
6229
3606
2089
1208
4099
5510
7620
7186
7780
5152
6274
3604
9294
9273
711
3531
1427
1944